0.959595959595960
0.898989898989901
0.843434343434345
0.769360269360271
0.725308641975315
0.682098765432104
0.634572723765438
0.586025466535215
0.538484317248710
0.493121828144058
0.450561209212244
0.411080555667470
0.377622728801543
0.350352582001635
0.326741145830340
0.308019300513494
0.291116690490826
0.275623318417069
0.261552788382403
0.248668540441114
0.236879616522027
0.226098232669161
0.216240839378542
0.207228739649483
0.199016830424593
0.191672513236115
0.184947324278073
0.178881479290436
0.173585430622343
0.169561998904619
0.165846991415888
0.162411208655646
0.159228303404077
0.156274499506066
0.153528339151062
0.150970455433399
0.148583367454494
0.146351295602971
0.144259994948918
0.142296604933844
0.140871891004568
0.139513163681818
0.138211805727545
0.136963074852400
0.135762689803699
0.134606782998856
0.133491858224117
0.132418184484516
0.131444585538782
0.130501803195460
0.129587516559240
0.128699623157294
0.127836217026636
0.127022040486390
0.126281115615895
0.125552103071488
0.124834485238935
0.124127783408955
0.123431554048786
0.122745385475051
0.122202868988101
0.121675616499947
0.121240280570697
0.120816776180827
0.120395719331376
0.119977042931320
0.119560685295726
0.119146589596144
0.118734703371002
0.118324978089073
0.117917368759928
0.117511833586056
0.117108333651951
0.116706832646032
0.116307296611753
0.115909693724685
0.115513994092737
0.115120169576980
0.114728193630857
0.114338041155811
0.113949688371552
0.113563112699432
0.113178292657524
0.112795207766179
0.112413838462963
0.112034166025998
0.111656172504824
0.111279840658015
0.110905153896855
0.110532096234434
0.110160652239639
0.109790806995509
0.109422546061537
0.109055855439515
0.108690721542551
0.108327131166951
0.107965071466692
0.107604529930195
0.107245494359205
0.106887952849544
0.106531893773567
0.106177305764150
0.105824177700057
0.105472498692558
0.105122258073167
0.104773445382407
0.104426050359490
0.104080062932828
0.103735473211304
0.103392271476217
0.103050448173846
0.102709993908585
0.102370899436571
0.102033155659787
0.101696753620571
0.101361684496520
0.101027939595727
0.100695510352349
0.100364388322448
0.100034565180102
0.099706032713761
0.099378782822807
0.099052807514330
0.098728098900080
0.098404649193589
0.098082450707447
0.097761495850721
0.097441777126505
0.097123287129590
0.096806018544246
0.096489964142107
0.096175116780149
0.095861469398761
0.095549015019891
0.095237746745276
0.094927657754736
0.094618741304541
0.094310990725831
0.094004399423103
0.093698960872743
0.093394668621620
0.093091516285717
0.092789497548811
0.092488606161201
0.092188835938464
0.091890180760258
0.091592634569161
0.091296191369540
0.091000845226453
0.090706590264582
0.090413420667200
0.090121330675157
0.089830314585901
0.089540366752520
0.089251481582807
0.088963653538357
0.088676877133673
0.088391146935310
0.088106457561022
0.087822803678945
0.087540180006784
0.087258581311037
0.086978002406219
0.086698438154115
0.086419883463043
0.086142333287139
0.085865782625650
0.085590226522254
0.085315660064380
0.085042078382557
0.084769476649764
0.084497850080802
0.084227193931677
0.083957503498994
0.083688774119363
0.083421001168822
0.083154180062264
0.082888306252884
0.082623375231629
0.082359382526664
0.082096323702846
0.081834194361211
0.081572990138467
0.081312706706500
0.081053339771891
0.080794885075434
0.080537338391673
0.080280695528444
0.080024952326424
0.079770104658687
0.079516148430276
0.079263079577775
0.079010894068895
0.078759587902056
0.078509157105996
0.078259597739370
0.078010905890362
0.077763077676311
0.077516109243327
0.077269996765933
0.077024736446701
0.076780324515898
0.076536757231139
0.076294030877044
0.076052141764904
0.075811086232353
0.075570860643040
0.075331461386312
0.075092884876903
0.074855127554624
0.074618185884064
0.074382056354291
0.074146735478560
0.073912219794025
0.073678505861461
0.073445590264982
0.073213469611772
0.072982140531813
0.072751599677625
0.072521843724006
0.072292869367774
0.072064673327521
0.071837252343361
0.071610603176693
0.071384722609958
0.071159607446405
0.070935254509862
0.070711660644507
0.070488822714646
0.070266737604488
0.070045402217935
0.069824813478367
0.069604968328428
0.069385863729826
0.069167496663125
0.068949864127547
0.068732963140774
0.068516790738757
0.068301343975521
0.068086619922981
0.067872615670753
0.067659328325976
0.067446755013131
0.067234892873861
0.067023739066802
0.066813290767411
0.066603545167794
0.066394499476540
0.066186150918563
0.065978496734933
0.065771534182721
0.065565260534842
0.065359673079902
0.065154769122041
0.064950545980790
0.064747000990917
0.064544131502286
0.064341934879712
0.064140408502818
0.063939549765898
0.063739356077778
0.063539824861683
0.063340953555101
0.063142739609649
0.062945180490952
0.062748273678504
0.062552016665550
0.062356406958959
0.062161442079100
0.061967119559721
0.061773436947831
0.061580391803584
0.061387981700157
0.061196204223642
0.061005056972929
0.060814537559595
0.060624643607794
0.060435372754150
0.060246722647649
0.060058690949533
0.059871275333193
0.059684473484075
0.059498283099565
0.059312701888900
0.059127727573065
0.058943357884694
0.058759590567976
0.058576423378559
0.058393854083453
0.058211880460943
0.058030500300492
0.057849711402655
0.057669511578985
0.057489898651949
0.057310870454839
0.057132424831685
0.056954559637173
0.056777272736556
0.056600562005579
0.056424425330387
0.056248860607455
0.056073865743500
0.055899438655402
0.055725577270134
0.055552279524675
0.055379543365943
0.055207366750710
0.055035747645537
0.054864684026695
0.054694173880093
0.054524215201209
0.054354805995014
0.054185944275908
0.054017628067645
0.053849855403270
0.053682624325045
0.053515932884388
0.053349779141803
0.053184161166817
0.053019077037912
0.052854524842465
0.052690502676681
0.052527008645533
0.052364040862701
0.052201597450506
0.052039676539854
0.051878276270174
0.051717394789362
0.051557030253717
0.051397180827887
0.051237844684811
0.051079020005660
0.050920704979786
0.050762897804662
0.050605596685826
0.050448799836832
0.050292505479194
0.050136711842328
0.049981417163506
0.049826619687802
0.049672317668039
0.049518509364738
0.049365193046069
0.049212366987800
0.049060029473246
0.048908178793225
0.048756813246003
0.048605931137252
0.048455530779996
0.048305610494572
0.048156168608576
0.048007203456818
0.047858713381285
0.047710696731080
0.047563151862395
0.047416077138450
0.047269470929461
0.047123331612593
0.046977657571914
0.046832447198356
0.046687698889670
0.046543411050386
0.046399582091772
0.046256210431790
0.046113294495060
0.045970832712814
0.045828823522861
0.045687265369544
0.045546156703703
0.045405495982635
0.045265281670057
0.045125512236064
0.044986186157097
0.044847301915900
0.044708858001489
0.044570852909107
0.044433285140197
0.044296153202356
0.044159455609308
0.044023190880864
0.043887357542887
0.043751954127258
0.043616979171842
0.043482431220452
0.043348308822817
0.043214610534546
0.043081334917097
0.042948480537744
0.042816045969541
0.042684029791292
0.042552430587521
0.042421246948434
0.042290477469893
0.042160120753381
0.042030175405974
0.041900640040306
0.041771513274541
0.041642793732344
0.041514480042847
0.041386570840623
0.041259064765653
0.041131960463300
0.041005256584275
0.040878951784614
0.040753044725645
0.040627534073960
0.040502418501390
0.040377696684974
0.040253367306929
0.040129429054629
0.040005880620572
0.039882720702356
0.039759948002650
0.039637561229168
0.039515559094644
0.039393940316803
0.039272703618338
0.039151847726880
0.039031371374977
0.038911273300066
0.038791552244447
0.038672206955261
0.038553236184459
0.038434638688787
0.038316413229750
0.038198558573598
0.038081073491295
0.037963956758497
0.037847207155530
0.037730823467364
0.037614804483591
0.037499148998401
0.037383855810558
0.037268923723379
0.037154351544710
0.037040138086906
0.036926282166804
0.036812782605703
0.036699638229342
0.036586847867880
0.036474410355871
0.036362324532242
0.036250589240275
0.036139203327585
0.036028165646094
0.035917475052018
0.035807130405837
0.035697130572283
0.035587474420313
0.035478160823093
0.035369188657973
0.035260556806471
0.035152264154253
0.035044309591110
0.034936692010940
0.034829410311727
0.034722463395526
0.034615850168439
0.034509569540595
0.034403620426137
0.034298001743198
0.034192712413882
0.034087751364248
0.033983117524291
0.033878809827921
0.033774827212948
0.033671168621061
0.033567832997812
0.033464819292597
0.033362126458639
0.033259753452970
0.033157699236410
0.033055962773558
0.032954543032764
0.032853438986121
0.032752649609441
0.032652173882242
0.032552010787730
0.032452159312783
0.032352618447932
0.032253387187346
0.032154464528816
0.032055849473737
0.031957541027094
0.031859538197442
0.031761839996897
0.031664445441110
0.031567353549260
0.031470563344034
0.031374073851611
0.031277884101650
0.031181993127271
0.031086399965039
0.030991103654952
0.030896103240424
0.030801397768271
0.030706986288693
0.030612867855262
0.030519041524909
0.030425506357903
0.030332261417841
0.030239305771634
0.030146638489490
0.030054258644899
0.029962165314624
0.029870357578680
0.029778834520324
0.029687595226041
0.029596638785527
0.029505964291679
0.029415570840579
0.029325457531480
0.029235623466794
0.029146067752076
0.029056789496015
0.028967787810415
0.028879061810185
0.028790610613326
0.028702433340917
0.028614529117101
0.028526897069074
0.028439536327071
0.028352446024352
0.028265625297191
0.028179073284865
0.028092789129636
0.028006771976744
0.027921020974389
0.027835535273726
0.027750314028846
0.027665356396765
0.027580661537415
0.027496228613629
0.027412056791130
0.027328145238519
0.027244493127261
0.027161099631678
0.027077963928932
0.026995085199016
0.026912462624743
0.026830095391730
0.026747982688394
0.026666123705933
0.026584517638320
0.026503163682287
0.026422061037318
0.026341208905637
0.026260606492194
0.026180253004656
0.026100147653395
0.026020289651481
0.025940678214665
0.025861312561370
0.025782191912687
0.025703315492350
0.025624682526740
0.025546292244868
0.025468143878361
0.025390236661458
0.025312569830995
0.025235142626398
0.025157954289671
0.025081004065383
0.025004291200663
0.024927814945186
0.024851574551164
0.024775569273339
0.024699798368965
0.024624261097808
0.024548956722127
0.024473884506671
0.024399043718666
0.024324433627806
0.024250053506241
0.024175902628573
0.024101980271840
0.024028285715509
0.023954818241468
0.023881577134017
0.023808561679852
0.023735771168066
0.023663204890131
0.023590862139891
0.023518742213557
0.023446844409692
0.023375168029205
0.023303712375342
0.023232476753676
0.023161460472098
0.023090662840808
0.023020083172308
0.022949720781390
0.022879574985131
0.022809645102878
0.022739930456248
0.022670430369111
0.022601144167589
0.022532071180038
0.022463210737051
0.022394562171438
0.022326124818227
0.022257898014649
0.022189881100133
0.022122073416296
0.022054474306938
0.021987083118027
0.021919899197700
0.021852921896246
0.021786150566102
0.021719584561847
0.021653223240190
0.021587065959964
0.021521112082116
0.021455360969703
0.021389811987879
0.021324464503893
0.021259317887075
0.021194371508833
0.021129624742644
0.021065076964042
0.021000727550619
0.020936575882010
0.020872621339887
0.020808863307955
0.020745301171937
0.020681934319577
0.020618762140622
0.020555784026821
0.020492999371917
0.020430407571638
0.020368008023688
0.020305800127744
0.020243783285448
0.020181956900396
0.020120320378133
0.020058873126149
0.019997614553865
0.019936544072633
0.019875661095726
0.019814965038328
0.019754455317532
0.019694131352330
0.019633992563608
0.019574038374135
0.019514268208564
0.019454681493416
0.019395277657079
0.019336056129801
0.019277016343681
0.019218157732662
0.019159479732526
0.019100981780890
0.019042663317193
0.018984523782693
0.018926562620462
0.018868779275375
0.018811173194111
0.018753743825134
0.018696490618701
0.018639413026847
0.018582510503378
0.018525782503870
0.018469228485658
0.018412847907832
0.018356640231231
0.018300604918435
0.018244741433758
0.018189049243247
0.018133527814669
0.018078176617511
0.018022995122970
0.017967982803946
0.017913139135041
0.017858463592549
0.017803955654450
0.017749614800404
0.017695440511749
0.017641432271490
0.017587589564295
0.017533911876491
0.017480398696054
0.017427049512607
0.017373863817412
0.017320841103367
0.017267980864995
0.017215282598445
0.017162745801480
0.017110369973475
0.017058154615412
0.017006099229871
0.016954203321026
0.016902466394642
0.016850887958065
0.016799467520219
0.016748204591601
0.016697098684273
0.016646149311860
0.016595355989541
0.016544718234047
0.016494235563652
0.016443907498170
0.016393733558950
0.016343713268870
0.016293846152330
0.016244131735249
0.016194569545060
0.016145159110701
0.016095899962616
0.016046791632744
0.015997833654517
0.015949025562852
0.015900366894152
0.015851857186293
0.015803495978624
0.015755282811961
0.015707217228580
0.015659298772216
0.015611526988054
0.015563901422724
0.015516421624300
0.015469087142292
0.015421897527642
0.015374852332717
0.015327951111308
0.015281193418621
0.015234578811276
0.015188106847300
0.015141777086121
0.015095589088567
0.015049542416858
0.015003636634601
0.014957871306789
0.014912245999791
0.014866760281353
0.014821413720588
0.014776205887975
0.014731136355352
0.014686204695916
0.014641410484210
0.014596753296126
0.014552232708898
0.014507848301097
0.014463599652625
0.014419486344715
0.014375507959923
0.014331664082122
0.014287954296501
0.014244378189562
0.014200935349108
0.014157625364248
0.014114447825386
0.014071402324218
0.014028488453732
0.013985705808194
0.013943053983157
0.013900532575443
0.013858141183149
0.013815879405639
0.013773746843538
0.013731743098728
0.013689867774350
0.013648120474792
0.013606500805687
0.013565008373912
0.013523642787579
0.013482403656035
0.013441290589857
0.013400303200845
0.013359441102022
0.013318703907626
0.013278091233111
0.013237602695136
0.013197237911568
0.013156996501474
0.013116878085117
0.013076882283954
0.013037008720630
0.012997257018975
0.012957626804001
0.012918117701896
0.012878729340023
0.012839461346912
0.012800313352260
0.012761284986925
0.012722375882922
0.012683585673422
0.012644913992744
0.012606360476355
0.012567924760863
0.012529606484015
0.012491405284694
0.012453320802913
0.012415352679814
0.012377500557661
0.012339764079839
0.012302142890849
0.012264636636306
0.012227244962931
0.012189967518555
0.012152803952106
0.012115753913613
0.012078817054199
0.012041993026078
0.012005281482550
0.011968682078001
0.011932194467896
0.011895818308775
0.011859553258256
0.011823398975021
0.011787355118822
0.011751421350472
0.011715597331843
0.011679882725864
0.011644277196515
0.011608780408826
0.011573392028871
0.011538111723767
0.011502939161669
0.011467874011768
0.011432915944285
0.011398064630472
0.011363319742604
0.011328680953979
0.011294147938912
0.011259720372736
0.011225397931792
0.011191180293433
0.011157067136014
0.011123058138895
0.011089152982432
0.011055351347979
0.011021652917881
0.010988057375471
0.010954564405070
0.010921173691980
0.010887884922483
0.010854697783836
0.010821611964272
0.010788627152992
0.010755743040163
0.010722959316918
0.010690275675348
0.010657691808503
0.010625207410387
0.010592822175955
0.010560535801111
0.010528347982704
0.010496258418524
0.010464266807301
0.010432372848700
0.010400576243321
0.010368876692692
0.010337273899268
0.010305767566430
0.010274357398478
0.010243043100630
0.010211824379022
0.010180700940698
0.010149672493614
0.010118738746632
0.010087899409516
0.010057154192932
0.010026502808443
0.009995944968506
0.009965480386471
0.009935108776576
0.009904829853947
0.009874643334591
0.009844548935396
0.009814546374128
0.009784635369427
0.009754815640808
0.009725086908652
0.009695448894206
0.009665901319582
0.009636443907755
0.009607076382555
0.009577798468667
0.009548609891633
0.009519510377839
0.009490499654523
0.009461577449765
0.009432743492488
0.009403997512452
0.009375339240258
0.009346768407335
0.009318284745948
0.009289887989187
0.009261577870970
0.009233354126036
0.009205216489948
0.009177164699083
0.009149198490637
0.009121317602616
0.009093521773837
0.009065810743925
0.009038184253309
0.009010642043222
0.008983183855695
0.008955809433559
0.008928518520437
0.008901310860746
0.008874186199692
0.008847144283268
0.008820184858253
0.008793307672207
0.008766512473471
0.008739799011162
0.008713167035172
0.008686616296168
0.008660146545582
0.008633757535618
0.008607449019243
0.008581220750187
0.008555072482941
0.008529003972751
0.008503014975622
0.008477105248310
0.008451274548322
0.008425522633914
0.008399849264087
0.008374254198585
0.008348737197895
0.008323298023241
0.008297936436585
0.008272652200622
0.008247445078780
0.008222314835216
0.008197261234812
0.008172284043180
0.008147383026650
0.008122557952275
0.008097808587824
0.008073134701785
0.008048536063356
0.008024012442448
0.007999563609682
0.007975189336384
0.007950889394587
0.007926663557023
0.007902511597127
0.007878433289031
0.007854428407563
0.007830496728245
0.007806638027289
0.007782852081597
0.007759138668759
0.007735497567048
0.007711928555422
0.007688431413517
0.007665005921651
0.007641651860814
0.007618369012674
0.007595157159568
0.007572016084507
0.007548945571164
0.007525945403884
0.007503015367671
0.007480155248193
0.007457364831777
0.007434643905406
0.007411992256723
0.007389409674017
0.007366895946235
0.007344450862970
0.007322074214463
0.007299765791598
0.007277525385907
0.007255352789558
0.007233247795361
0.007211210196763
0.007189239787845
0.007167336363322
0.007145499718539
0.007123729649473
0.007102025952724
0.007080388425520
0.007058816865713
0.007037311071774
0.007015870842795
0.006994495978484
0.006973186279167
0.006951941545780
0.006930761579875
0.006909646183610
0.006888595159753
0.006867608311678
0.006846685443360
0.006825826359381
0.006805030864920
0.006784298765755
0.006763629868262
0.006743023979408
0.006722480906758
0.006702000458465
0.006681582443270
0.006661226670504
0.006640932950082
0.006620701092503
0.006600530908848
