0.969999999999928
0.949999999999881
0.929999999999833
0.922187499999833
0.908515624999833
0.903652343749785
0.897060546874785
0.888729248046660
0.882462158202862
0.878182067870831
0.873099460601543
0.867344155311321
0.861040725707745
0.857459048628496
0.853875198289441
0.849938392992752
0.845693489890235
0.841183280343810
0.836447560320065
0.833410996624667
0.830479527217182
0.827371158793727
0.824103918206407
0.820695053279113
0.817160862435374
0.813516599991282
0.810165673271528
0.807758610526736
0.805253964157155
0.802659866131518
0.799984135650528
0.797234240900773
0.794417275547364
0.791539946650668
0.788608571325680
0.785629079991570
0.783483167448866
0.781373344490813
0.779213504178151
0.777007381573075
0.774758559820803
0.772470466365138
0.770146371439016
0.767789388377147
0.765402475371635
0.762988438354697
0.760549934746371
0.758451879745774
0.756639971102566
0.754799799781803
0.752933232560947
0.751042066598196
0.749128029391753
0.747192779200282
0.745237905842534
0.743264931805548
0.741275313600826
0.739270443316624
0.737251650322116
0.735220203085805
0.733177311076332
0.731551502988466
0.729964240643182
0.728361716159964
0.726744869213637
0.725114606870570
0.723471804047942
0.721817304053316
0.720151919190305
0.718476431417844
0.716791593052192
0.715098127502138
0.713396730029133
0.711688068525170
0.709972784302200
0.708251492887717
0.706524784821929
0.705019835810382
0.703630645607234
0.702233003971150
0.700827406120819
0.699414331686177
0.697994245002461
0.696567595418138
0.695134817613952
0.693696331930618
0.692252544702997
0.690803848598802
0.689350622960148
0.687893234146441
0.686432035877284
0.684967369574260
0.683499564700587
0.682028939097771
0.680555799318521
0.679080440955265
0.677716882326026
0.676493749891831
0.675266120647216
0.674034259505123
0.672798423816091
0.671558863523450
0.670315821319875
0.669069532804751
0.667820226641892
0.666568124717159
0.665313442295628
0.664056388177942
0.662797164855567
0.661535968664672
0.660272989938424
0.659008413157461
0.657742417098405
0.656475174980235
0.655206854608407
0.653937618516596
0.652667624105985
0.651397023782010
0.650125965088509
0.649011038307096
0.647928562424560
0.646843966519852
0.645757391425537
0.644668974311218
0.643578848759309
0.642487144840287
0.641393989187332
0.640299505070259
0.639203812468698
0.638107028144437
0.637009265712871
0.635910635713525
0.634811245679589
0.633711200206443
0.632610601019133
0.631509547038771
0.630408134447841
0.629306456754393
0.628204604855112
0.627102667097241
0.626000729339370
0.624898875011069
0.623797185171372
0.622695738566112
0.621594611684103
0.620526321217836
0.619567979065713
0.618608768365905
0.617648766092992
0.616688047400471
0.615726685656617
0.614764752479884
0.613802317773862
0.612839449761759
0.611876215020410
0.610912678513790
0.609948903626045
0.608984952194012
0.608020884539235
0.607056759499479
0.606092634459723
0.605128565382647
0.604164606838599
0.603200812035056
0.602237232845563
0.601273919838167
0.600310922303336
0.599348288281380
0.598386064589358
0.597424296847486
0.596463029505065
0.595502305865892
0.594542168113204
0.593582657334134
0.592623813543689
0.591665675708260
0.590708281768666
0.589854223422762
0.589003730721375
0.588153144845941
0.587302506315693
0.586451854766795
0.585601228968686
0.584750666840172
0.583900205465287
0.583049881108902
0.582199729232103
0.581349784507319
0.580500080833224
0.579650651349383
0.578801528450673
0.577952743801470
0.577104328349591
0.576256312340016
0.575408725328368
0.574561596194178
0.573714953153909
0.572868823773769
0.572023234982296
0.571178213082722
0.570333783765124
0.569489972118364
0.568646802641807
0.567804299256839
0.566962485318176
0.566121383624969
0.565281016431707
0.564441405458923
0.563602571903706
0.562764536450019
0.561927319278827
0.561090940078038
0.560255418052261
0.559430818670468
0.558676129407716
0.557921710062440
0.557167582336547
0.556413767493435
0.555660286365469
0.554907159361357
0.554154406473405
0.553402047284661
0.552650100975959
0.551898586332847
0.551147521752402
0.550396925249955
0.549646814465693
0.548897206671170
0.548148118775706
0.547399567332693
0.546651568545789
0.545904138275021
0.545157292042791
0.544411045039775
0.543665412130739
0.542920407860247
0.542176046458288
0.541432341845801
0.540689307640117
0.539946957160303
0.539205303432426
0.538464359194723
0.537724136902688
0.536984648734075
0.536245906593813
0.535507922118843
0.534770706682878
0.534034271401066
0.533298627134595
0.532563784495208
0.531829753849642
0.531096545323998
0.530364168808031
0.529632633959366
0.528901950207650
0.528172126758628
0.527443172598142
0.526743972621388
0.526075138310402
0.525406768204257
0.524738873256816
0.524071464211791
0.523404551606031
0.522738145772776
0.522072256844855
0.521406894757844
0.520742069253171
0.520077789881180
0.519414066004145
0.518750906799246
0.518088321261494
0.517426318206613
0.516764906273885
0.516104093928946
0.515443889466543
0.514784301013247
0.514125336530130
0.513467003815397
0.512809310506979
0.512152264085087
0.511495871874731
0.510840141048194
0.510185078627472
0.509530691486680
0.508876986354412
0.508223969816078
0.507571648316192
0.506920028160632
0.506269115518867
0.505618916426146
0.504969436785653
0.504320682370632
0.503672658826477
0.503025371672790
0.502378826305408
0.501733027998397
0.501087981906022
0.500443693064672
0.499800166394772
0.499157406702653
0.498515418682399
0.497874206917667
0.497233775883471
0.496594129947944
0.495955273374074
0.495317210321410
0.494679944847740
0.494043480910747
0.493407822369636
0.492787965003292
0.492196612973254
0.491605790182018
0.491015501874580
0.490425753197044
0.489836549198038
0.489247894830120
0.488659794951165
0.488072254325727
0.487485277626389
0.486898869435087
0.486313034244426
0.485727776458964
0.485143100396495
0.484559010289294
0.483975510285369
0.483392604449670
0.482810296765303
0.482228591134711
0.481647491380851
0.481067001248347
0.480487124404627
0.479907864441049
0.479329224874007
0.478751209146023
0.478173820626824
0.477597062614406
0.477020938336075
0.476445450949486
0.475870603543658
0.475296399139975
0.474722840693178
0.474149931092344
0.473577673161840
0.473006069662280
0.472435123291452
0.471864836685248
0.471295212418567
0.470726253006214
0.470157960903785
0.469590338508534
0.469023388160238
0.468457112142038
0.467891512681279
0.467326591950330
0.466762352067399
0.466198795097330
0.465635923052393
0.465073737893066
0.464512241528795
0.463951435818756
0.463391322572597
0.462831903551179
0.462273180467290
0.461715154986373
0.461157828727218
0.460601203262664
0.460045280120284
0.459490060783055
0.458935546690028
0.458381739236983
0.457828639777078
0.457276249621481
0.456728946402767
0.456208528280136
0.455688634941121
0.455169268607401
0.454650431456199
0.454132125620875
0.453614353191505
0.453097116215457
0.452580416697959
0.452064256602657
0.451548637852173
0.451033562328645
0.450519031874269
0.450005048291832
0.449491613345237
0.448978728760021
0.448466396223868
0.447954617387115
0.447443393863251
0.446932727229409
0.446422619026853
0.445913070761463
0.445404083904201
0.444895659891586
0.444387800126153
0.443880505976913
0.443373778779799
0.442867619838114
0.442362030422970
0.441857011773721
0.441352565098393
0.440848691574103
0.440345392347478
0.439842668535072
0.439340521223763
0.438838951471163
0.438337960306012
0.437837548728565
0.437337717710986
0.436838468197724
0.436339801105893
0.435841717325639
0.435344217720514
0.434847303127833
0.434350974359033
0.433855232200029
0.433360077411559
0.432865510729530
0.432371532865359
0.431878144506307
0.431385346315811
0.430893138933810
0.430401522977071
0.429910499039503
0.429420067692478
0.428930229485136
0.428440984944694
0.427952334576751
0.427464278865584
0.426976818274445
0.426489953245849
0.426003684201870
0.425518011544417
0.425032935655515
0.424548456897589
0.424064575613729
0.423581292127966
0.423098606745535
0.422616519753140
0.422135031419212
0.421654141994168
0.421173851710662
0.420694160783836
0.420215069411566
0.419736577774708
0.419258686037334
0.418781394346976
0.418304702834854
0.417828611616113
0.417368221526175
0.416914299010269
0.416460857777215
0.416007898503008
0.415555421845452
0.415103428444379
0.414651918921876
0.414200893882508
0.413750353913533
0.413300299585119
0.412850731450558
0.412401650046477
0.411953055893047
0.411504949494186
0.411057331337769
0.410610201895822
0.410163561624727
0.409717410965416
0.409271750343565
0.408826580169789
0.408381900839829
0.407937712734740
0.407494016221080
0.407050811651090
0.406608099362875
0.406165879680589
0.405724152914604
0.405282919361690
0.404842179305189
0.404401933015182
0.403962180748664
0.403522922749704
0.403084159249616
0.402645890467120
0.402208116608504
0.401770837867784
0.401334054426859
0.400897766455671
0.400461974112357
0.400026677543402
0.399591876883787
0.399157572257141
0.398723763775889
0.398290451541392
0.397857635644098
0.397425316163677
0.396993493169167
0.396562166719108
0.396131336861686
0.395701003634860
0.395271167066502
0.394841827174528
0.394412983967031
0.393984637442404
0.393556787589476
0.393129434387634
0.392702577806947
0.392276217808293
0.391850354343480
0.391424987355366
0.391000116777978
0.390575742536631
0.390151864548044
0.389728482720456
0.389305596953739
0.388883207139513
0.388461313161251
0.388039914894398
0.387619012206473
0.387198604957178
0.386778692998507
0.386359276174847
0.385940354323084
0.385521927272707
0.385103994845906
0.384686556857676
0.384269613115911
0.383853163421508
0.383437207568460
0.383021745343952
0.382606776528459
0.382192300895832
0.381778318213399
0.381364828242051
0.380951830736335
0.380539325444541
0.380127312108791
0.379715790465127
0.379304760243598
0.378894221168343
0.378484172957675
0.378074615324165
0.377665547974729
0.377256970610700
0.376848882927915
0.376441284616794
0.376034175362415
0.375627554844598
0.375221422737972
0.374815778712062
0.374410622431354
0.374011425609371
0.373620772332575
0.373230533817601
0.372840710052239
0.372451301017929
0.372062306689838
0.371673727036936
0.371285562022077
0.370897811602067
0.370510475727745
0.370123554344054
0.369737047390111
0.369350954799286
0.368965276499266
0.368580012412131
0.368195162454419
0.367810726537200
0.367426704566142
0.367043096441577
0.366659902058571
0.366277121306989
0.365894754071559
0.365512800231939
0.365131259662780
0.364750132233789
0.364369417809792
0.363989116250798
0.363609227412057
0.363229751144123
0.362850687292915
0.362472035699774
0.362093796201521
0.361715968630520
0.361338552814733
0.360961548577773
0.360584955738968
0.360208774113411
0.359833003512016
0.359457643741576
0.359082694604814
0.358708155900434
0.358334027423180
0.357960308963885
0.357587000309521
0.357214101243253
0.356841611544490
0.356469530988930
0.356097859348616
0.355726596391983
0.355355741883904
0.354985295585740
0.354615257255387
0.354245626647324
0.353876403512659
0.353507587599173
0.353139178651367
0.352771176410509
0.352403580614675
0.352036390998794
0.351669607294693
0.351303229231138
0.350937256533880
0.350571688925691
0.350206526126414
0.349841767852997
0.349477413819537
0.349113463737319
0.348749917314860
0.348386774257942
0.348024034269656
0.347661697050440
0.347299762298114
0.346938229707923
0.346577098972568
0.346216369782251
0.345856041824705
0.345496114785230
0.345136588346736
0.344777462189771
0.344418735992559
0.344060409431034
0.343702482178876
0.343344953907544
0.342987824286307
0.342631092982281
0.342274759660461
0.341918823983751
0.341563285612998
0.341208144207026
0.340853399422663
0.340499050914773
0.340145098336292
0.339791541338250
0.339438379569809
0.339085612678287
0.338733240309190
0.338381262106241
0.338029677711409
0.337678486764936
0.337327688905368
0.336977283769578
0.336627270992800
0.336277650208652
0.335928421049161
0.335579583144796
0.335231136124490
0.334883079615666
0.334535413244263
0.334188136634766
0.333841249410223
0.333494751192276
0.333148641601186
0.332802920255854
0.332457586773844
0.332112640771414
0.331768081863533
0.331423909663906
0.331080123784999
0.330736723838057
0.330393709433135
0.330051080179111
0.329708835683714
0.329366975553544
0.329025499394094
0.328684406809770
0.328343697403914
0.328003370778825
0.327663426535777
0.327323864275042
0.326984683595909
0.326645884096704
0.326307465374810
0.325969427026689
0.325631768647894
0.325294489833096
0.324957590176101
0.324621069269863
0.324284926706511
0.323949162077362
0.323613774972937
0.323278764982987
0.322944131696502
0.322616761756294
0.322290458534288
0.321964492323470
0.321638862878868
0.321313569954090
0.320988613301339
0.320663992671436
0.320339707813839
0.320015758476662
0.319692144406695
0.319368865349421
0.319045921049035
0.318723311248466
0.318401035689392
0.318079094112256
0.317757486256291
0.317436211859531
0.317115270658832
0.316794662389889
0.316474386787252
0.316154443584346
0.315834832513484
0.315515553305886
0.315196605691696
0.314877989399996
0.314559704158827
0.314241749695197
0.313924125735106
0.313606832003556
0.313289868224567
0.312973234121194
0.312656929415543
0.312340953828784
0.312025307081164
0.311709988892029
0.311394998979830
0.311080337062143
0.310766002855684
0.310451996076316
0.310138316439073
0.309824963658167
0.309511937447002
0.309199237518190
0.308886863583566
0.308574815354196
0.308263092540394
0.307951694851734
0.307640621997065
0.307329873684519
0.307019449621527
0.306709349514831
0.306399573070499
0.306090119993929
0.305780989989872
0.305472182762436
0.305163698015099
0.304855535450726
0.304547694771573
0.304240175679305
0.303932977875003
0.303626101059176
0.303319544931776
0.303013309192204
0.302707393539322
0.302401797671466
0.302096521286455
0.301791564081601
0.301486925753722
0.301182605999149
0.300878604513739
0.300574920992881
0.300271555131514
0.299968506624126
0.299665775164774
0.299363360447088
0.299061262164279
0.298759480009156
0.298458013674128
0.298156862851215
0.297856027232060
0.297555506507935
0.297255300369752
0.296955408508071
0.296655830613107
0.296356566374742
0.296057615482533
0.295758977625718
0.295460652493226
0.295162639773685
0.294864939155432
0.294567550326519
0.294270472974721
0.293973706787545
0.293677251452238
0.293381106655794
0.293085272084961
0.292789747426252
0.292494532365947
0.292199626590107
0.291905029784575
0.291610741634989
0.291316761826783
0.291023090045201
0.290729725975299
0.290436669301954
0.290143919709869
0.289851476883585
0.289559340507480
0.289267510265781
0.288975985842571
0.288684766921793
0.288393853187255
0.288103244322642
0.287812940011517
0.287522939937329
0.287233243783421
0.286943851233033
0.286654761969310
0.286365975675307
0.286077492033995
0.285789310728269
0.285501431440950
0.285213853854793
0.284926577652491
0.284639602516686
0.284352928129964
0.284066554174873
0.283780480333916
0.283494706289568
0.283209231724270
0.282924056320446
0.282639179760496
0.282354601726811
0.282070321901772
0.281786339967758
0.281502655607149
0.281219268502332
0.280936178335705
0.280653384789685
0.280370887546705
0.280088686289227
0.279806780699743
0.279525170460777
0.279243855254895
0.278962834764704
0.278682108672861
0.278401676662072
0.278121538415103
0.277841693614777
0.277562141943985
0.277282883085683
0.277003916722903
0.276725242538752
0.276446860216419
0.276168769439177
0.275890969890386
0.275613461253502
0.275336243212072
0.275059315449748
0.274782677650281
0.274506329497532
0.274230270675473
0.273954500868187
0.273679019759878
0.273403827034869
0.273128922377609
0.272854305472675
0.272579976004773
0.272305933658746
0.272032178119575
0.271758709072378
0.271485526202423
0.271212629195122
0.270940017736036
0.270667691510883
0.270395650205535
0.270123893506023
0.269852421098542
0.269581232669452
0.269310327905280
0.269039706492724
0.268769368118657
0.268499312470126
0.268229539234360
0.267960048098768
0.267690838750944
0.267421910878668
0.267153264169911
0.266884898312836
0.266616812995800
0.266349007907357
0.266081482736262
0.265814237171470
0.265547270902142
0.265280583617644
0.265014175007553
0.264748044761655
0.264482192569953
0.264216618122662
0.263951321110217
0.263686301223272
0.263421558152704
0.263157091589615
0.262892901225332
0.262628986751411
0.262365347859638
0.262101984242032
0.261838895590847
0.261576081598572
0.261313541957935
0.261051276361903
0.260789284503687
0.260527566076741
0.260266120774762
0.260004948291699
0.259744048321745
0.259483420559349
0.259223064699208
0.258962980436275
0.258703167465760
0.258443625483128
0.258184354184106
0.257925353264678
0.257666622421092
0.257408161349860
0.257149969747759
0.256892047311833
0.256634393739392
0.256377008728018
0.256119891975563
0.255863043180151
0.255606462040180
0.255350148254322
0.255094101521528
0.254838321541024
0.254582808012317
0.254327560635191
0.254072579109716
0.253820745688318
0.253569248426123
0.253318001478363
0.253067004607514
0.252816257576086
0.252565760146632
0.252315512081744
0.252065513144058
0.251815763096257
0.251566261701071
0.251317008721281
0.251068003919717
0.250819247059266
0.250570737902870
0.250322476213528
0.250074461754300
0.249826694288306
0.249579173578731
0.249331899388825
0.249084871481906
0.248838089621359
0.248591553570643
0.248345263093287
0.248099217952896
0.247853417913151
0.247607862737810
0.247362552190712
0.247117486035777
0.246872664037007
0.246628085958491
0.246383751564402
0.246139660619002
0.245895812886642
0.245652208131765
0.245408846118907
0.245165726612696
0.244922849377858
0.244680214179215
0.244437820781689
0.244195668950301
0.243953758450175
0.243712089046535
0.243470660504715
0.243229472590149
0.242988525068383
0.242747817705069
0.242507350265971
0.242267122516963
0.242027134224032
0.241787385153279
0.241547875070922
0.241308603743293
0.241069570936845
0.240830776418146
0.240592219953888
0.240353901310885
0.240115820256070
0.239877976556504
0.239640369979370
0.239403000291981
0.239165867261775
0.238928970656318
0.238692310243308
0.238455885790573
0.238219697066072
0.237983743837899
0.237748025874281
0.237512542943579
