   0.97778
   0.95000
   0.91389
   0.89780
   0.87432
   0.85667
   0.84092
   0.82275
   0.80559
   0.79224
   0.77774
   0.76538
   0.75245
   0.73885
   0.72526
   0.71215
   0.70056
   0.68920
   0.67840
   0.66740
   0.65625
   0.64503
   0.63466
   0.62442
   0.61471
   0.60543
   0.59612
   0.58680
   0.57749
   0.56821
   0.55955
   0.55099
   0.54247
   0.53399
   0.52557
   0.51721
   0.50893
   0.50074
   0.49264
   0.48462
   0.47696
   0.46953
   0.46219
   0.45493
   0.44775
   0.44073
   0.43399
   0.42732
   0.42082
   0.41451
   0.40827
   0.40210
   0.39601
   0.38999
   0.38404
   0.37818
   0.37238
   0.36667
   0.36103
   0.35547
   0.34999
   0.34459
   0.33927
   0.33402
   0.32885
   0.32375
   0.31873
   0.31379
   0.30892
   0.30418
   0.29954
   0.29497
   0.29047
   0.28603
   0.28166
   0.27736
   0.27312
   0.26895
   0.26484
   0.26079
   0.25681
   0.25288
   0.24902
   0.24522
   0.24148
   0.23779
   0.23416
   0.23059
   0.22707
   0.22361
   0.22021
   0.21686
   0.21355
   0.21031
   0.20711
   0.20396
   0.20087
   0.19786
   0.19489
   0.19197
