1.000000000002381900e-01
1.000000000002387313e-01
1.000000000002401745e-01
1.000000000002413542e-01
1.000000000002424089e-01
1.000000000002427003e-01
1.000000000002413958e-01
1.000000000002386341e-01
1.000000000002339018e-01
1.000000000002276290e-01
1.000000000002209122e-01
1.000000000002126133e-01
1.000000000002045919e-01
1.000000000001957240e-01
1.000000000001859957e-01
1.000000000001750600e-01
1.000000000001646239e-01
1.000000000001531886e-01
1.000000000001407541e-01
1.000000000001271816e-01
1.000000000001137757e-01
1.000000000000985795e-01
1.000000000000835776e-01
1.000000000000674238e-01
1.000000000000511313e-01
1.000000000000347555e-01
1.000000000000179079e-01
1.000000000000006717e-01
9.999999999998394895e-02
9.999999999996678213e-02
9.999999999994915734e-02
9.999999999993110233e-02
9.999999999991311672e-02
9.999999999989425681e-02
9.999999999987463362e-02
9.999999999985492716e-02
9.999999999983522070e-02
9.999999999981593057e-02
9.999999999979798659e-02
9.999999999978048670e-02
9.999999999976555420e-02
9.999999999975250908e-02
9.999999999974149012e-02
9.999999999973210874e-02
9.999999999972444820e-02
9.999999999971825870e-02
9.999999999971279085e-02
9.999999999970859976e-02
9.999999999970546338e-02
9.999999999970318743e-02
9.999999999970213271e-02
9.999999999970210496e-02
9.999999999970328457e-02
9.999999999970539399e-02
9.999999999970862752e-02
9.999999999971333209e-02
9.999999999971850850e-02
9.999999999972561393e-02
9.999999999973405163e-02
9.999999999974434894e-02
9.999999999975658915e-02
9.999999999977123022e-02
9.999999999978799459e-02
9.999999999980546672e-02
9.999999999982411847e-02
9.999999999984333920e-02
9.999999999986280974e-02
9.999999999988175292e-02
9.999999999990036303e-02
9.999999999991804334e-02
9.999999999993586242e-02
9.999999999995340394e-02
9.999999999997016831e-02
9.999999999998693268e-02
1.000000000000040995e-01
1.000000000000211414e-01
1.000000000000373507e-01
1.000000000000537265e-01
1.000000000000701023e-01
1.000000000000852568e-01
1.000000000001007305e-01
1.000000000001141226e-01
1.000000000001284445e-01
1.000000000001411010e-01
1.000000000001527722e-01
1.000000000001638467e-01
1.000000000001749212e-01
1.000000000001851630e-01
1.000000000001945999e-01
1.000000000002033151e-01
1.000000000002124328e-01
1.000000000002197603e-01
1.000000000002267964e-01
1.000000000002323614e-01
1.000000000002357475e-01
1.000000000002377876e-01
1.000000000002385786e-01
1.000000000002383982e-01
1.000000000002384121e-01
1.000000000002379125e-01
