1
1
1
1
1
19
2
2
1
1
1
1
1
1
1
5
1
1
36
1
2
1
1
1
1
1
1
1
1
2
1
14
1
1
1
1
1
1
1
1
3
2
1
1
11
1
2
12
1
1
1
1
1
1
7
1
3
1
1
1
1
7
1
1
1
1
1
1
1
1
1
5
2
1
1
1
1
1
1
2
3
1
4
1
1
4
1
1
3
1
1
5
1
1
1
1
1
1
1
5
1
1
1
7
1
1
1
2
1
55
7
1
1
1
1
1
1
1
22
1
1
4
1
1
1
21
1
1
2
1
2
26
1
1
1
1
1
1
15
31
1
1
1
1
1
2
1
3
1
5
1
15
1
2
1
1
22
1
1
2
1
1
2
1
1
53
2
6
2
3
1
2
1
1
1
1
3
1
1
1
1
2
10
1
1
1
1
1
2
1
1
4
34
1
1
1
1
1
1
1
1
1
1
2
1
1
74
1
1
1
1
1
1
1
1
3
1
1
1
29
1
1
1
1
2
8
1
2
1
1
1
2
1
1
2
1
1
1
1
1
1
1
1
1
1
1
1
1
2
2
1
1
1
42
1
1
1
1
3
21
1
1
1
1
2
1
1
6
1
6
1
1
1
2
30
1
1
1
1
1
1
1
1
1
1
50
1
1
1
1
1
1
1
1
5
6
39
1
1
1
3
24
4
5
1
1
1
1
1
1
1
1
1
1
77
8
1
1
1
16
2
1
4
1
5
10
1
1
1
1
1
1
1
20
1
1
6
1
1
1
1
1
1
8
4
1
1
3
1
1
1
1
11
1
1
1
1
1
1
1
4
1
1
2
5
1
1
1
1
1
2
5
2
1
3
1
2
1
2
1
1
3
1
8
1
1
5
1
1
1
1
1
1
1
5
11
1
1
2
1
2
1
1
3
1
1
1
1
1
1
1
1
1
1
1
1
1
1
1
5
2
55
1
1
39
6
1
1
1
1
1
1
1
1
1
2
3
3
1
1
1
1
1
1
1
1
1
1
1
1
1
1
1
3
1
6
4
6
1
2
1
7
1
1
1
1
1
1
1
1
1
1
1
1
1
1
5
1
1
20
1
1
1
1
1
1
2
1
1
1
2
1
8
1
1
3
1
1
1
1
1
1
1
1
1
1
1
6
1
2
2
1
1
1
1
1
1
1
1
1
2
4
1
2
1
1
53
1
1
2
1
1
2
4
1
9
2
1
4
1
1
1
1
28
1
2
2
1
1
1
2
1
1
1
1
1
3
1
4
1
1
1
1
18
1
1
1
1
1
1
24
7
2
2
1
1
1
1
1
13
6
1
1
43
1
1
2
1
39
1
4
1
1
1
1
1
1
1
1
1
1
1
1
1
2
1
1
1
1
1
2
1
1
1
1
1
2
1
1
14
4
1
1
2
1
3
1
1
1
5
1
2
34
1
1
1
1
1
1
4
1
4
6
2
1
2
1
1
1
1
32
2
1
1
1
1
1
1
1
12
1
1
1
15
1
1
1
1
1
1
1
1
1
1
48
1
1
2
8
1
1
1
1
5
1
2
1
1
1
1
1
1
60
7
1
1
1
1
1
1
1
1
1
1
2
1
3
1
1
1
1
1
1
1
1
1
1
1
1
1
1
1
1
1
24
1
27
1
1
1
1
1
15
1
1
7
19
1
1
1
1
1
1
1
1
1
2
1
1
1
2
1
1
8
1
1
3
1
1
1
1
1
1
3
1
1
1
1
1
1
1
1
1
1
1
3
1
1
1
11
1
2
1
1
1
1
3
1
1
1
2
19
1
1
1
2
24
1
1
3
1
1
1
2
2
1
1
1
1
1
1
1
1
1
15
1
2
1
11
1
1
76
2
1
16
27
1
2
1
1
1
1
1
1
2
1
1
2
3
1
1
1
1
2
1
1
1
1
1
2
1
27
1
1
1
1
1
1
1
6
1
2
1
1
1
1
1
1
1
1
1
1
1
1
1
2
6
2
1
1
11
1
26
1
2
7
1
1
6
1
1
2
1
1
2
2
1
1
1
1
1
1
1
1
1
1
1
1
1
1
1
7
5
34
2
1
1
15
2
1
1
1
1
7
58
1
4
1
1
1
1
1
1
1
1
1
2
1
1
1
11
10
1
1
3
1
1
1
1
1
13
12
4
1
1
1
3
8
1
1
1
1
1
13
8
1
1
1
1
1
1
1
1
1
2
1
1
1
1
1
1
1
33
15
2
1
1
1
1
1
1
1
1
1
1
1
1
1
1
1
