1
1
1
2
1
11
1
3
1
4
1
1
1
1
1
1
1
2
23
1
1
1
2
44
20
1
1
1
1
3
7
1
1
93
1
1
1
1
1
1
1
1
1
6
4
3
1
1
1
1
1
9
1
2
1
1
1
1
2
2
1
1
1
1
1
2
1
1
5
2
1
95
41
1
1
2
3
1
1
5
1
1
1
2
2
1
1
1
10
1
1
2
2
52
1
1
84
1
8
1
11
1
1
1
1
4
1
1
2
1
4
3
1
1
1
2
1
1
14
1
1
2
1
1
1
1
6
2
1
1
2
2
3
1
2
1
8
17
1
2
5
1
1
9
1
36
82
1
17
1
1
1
1
1
1
1
1
1
18
1
1
15
1
6
2
12
1
1
4
1
1
1
1
2
4
1
1
2
1
1
1
1
1
1
1
1
1
1
1
1
1
2
1
1
62
1
62
1
1
1
1
2
1
1
12
1
1
1
1
11
1
1
1
4
1
1
1
3
6
2
1
1
2
2
1
1
1
1
1
1
1
2
1
1
1
9
2
1
1
1
1
1
1
21
1
1
2
7
1
1
1
1
6
1
1
4
1
5
1
1
8
1
4
1
1
1
1
2
1
1
1
3
1
67
1
1
1
1
1
2
1
2
1
9
32
1
2
6
2
1
1
1
1
1
1
1
29
21
4
1
1
1
4
1
1
2
1
1
1
1
1
10
23
99
1
2
1
1
2
1
1
2
1
1
2
2
1
2
2
20
16
1
2
1
6
1
1
1
5
1
5
1
1
2
2
1
1
1
1
1
3
1
1
58
1
1
12
4
1
2
1
1
1
2
1
1
1
1
1
1
1
1
1
1
1
1
1
1
1
1
1
1
1
1
12
2
1
11
2
1
1
1
1
1
1
1
1
4
1
1
3
1
1
1
1
1
2
2
1
1
1
13
1
1
2
1
1
1
30
1
1
30
1
1
1
1
1
1
2
1
1
2
1
1
88
1
1
23
2
12
1
1
1
6
1
1
28
29
1
2
4
1
2
1
1
1
12
1
11
1
2
1
1
2
1
1
1
1
1
1
1
1
1
1
1
1
1
1
1
2
1
2
1
1
1
1
1
1
1
1
1
1
5
1
21
1
10
28
32
1
1
1
21
29
1
1
1
1
2
1
1
10
1
5
10
1
7
1
4
32
1
1
1
1
1
1
1
1
1
1
1
1
1
1
1
10
1
2
1
28
1
1
1
1
4
2
1
1
26
1
5
1
1
1
1
1
4
2
1
1
1
1
1
8
1
1
1
1
1
1
1
28
27
1
2
1
1
1
1
2
2
1
1
1
1
1
5
1
1
1
1
1
1
7
1
22
2
4
1
1
5
1
2
1
2
1
1
1
1
1
1
9
1
1
1
8
1
3
1
1
1
1
1
17
45
1
69
1
1
1
1
1
1
1
1
1
2
1
1
1
1
18
1
1
1
1
1
14
3
1
1
1
1
4
2
1
1
1
1
1
1
1
1
1
1
1
1
1
1
1
1
1
1
1
1
15
1
1
1
11
1
1
2
1
1
1
2
1
67
1
1
25
1
7
1
10
1
1
1
1
2
3
1
1
63
1
1
1
1
1
5
1
1
6
1
1
1
30
10
1
1
7
1
2
8
2
1
1
1
1
1
1
12
1
2
1
1
1
1
1
1
1
1
5
1
1
1
1
2
6
1
11
2
1
1
1
1
20
2
1
1
1
1
2
1
1
1
1
1
1
1
1
1
1
1
1
1
2
58
1
1
4
2
1
44
1
1
60
1
4
1
6
1
57
1
1
1
1
2
1
2
1
3
1
1
1
1
1
1
1
1
1
1
1
2
2
1
44
1
4
1
1
1
1
1
1
1
1
1
1
2
1
2
1
21
1
1
1
1
7
37
1
1
4
1
1
1
1
1
1
1
1
1
1
1
1
1
44
2
1
1
1
1
9
1
1
1
1
1
1
14
1
1
1
2
2
1
1
1
1
2
1
1
1
6
1
1
4
1
1
1
3
1
1
4
1
3
1
2
1
2
1
1
16
2
1
1
1
1
2
1
1
1
1
1
1
79
1
2
1
1
3
2
8
1
1
6
27
1
6
1
1
1
1
1
32
1
1
1
2
6
1
1
1
9
1
8
1
1
2
1
1
1
1
1
