0.9777777778
0.9500000000
0.9138888889
0.8978009259
0.8743152006
0.8566656419
0.8409150970
0.8227518009
0.8055890813
0.7922402787
0.7777378897
0.7653844147
0.7524460791
0.7388469449
0.7252606880
0.7121463912
0.7005552584
0.6892037915
0.6784044095
0.6673981036
0.6562538831
0.6450308060
0.6346626482
0.6244246586
0.6147065791
0.6054335423
0.5961226063
0.5868004920
0.5774904331
0.5682125387
0.5595549331
0.5509944645
0.5424679143
0.5339882098
0.5255665700
0.5172126888
0.5089349003
0.5007403293
0.4926350261
0.4846240886
0.4769588223
0.4695333594
0.4621876220
0.4549252272
0.4477492261
0.4407318323
0.4339860821
0.4273161512
0.4208156795
0.4145082353
0.4082701250
0.4021032488
0.3960092122
0.3899893532
0.3840447673
0.3781763297
0.3723847170
0.3666704252
0.3610337874
0.3554749897
0.3499940856
0.3445910091
0.3392655865
0.3340175480
0.3288465372
0.3237521202
0.3187337944
0.3137909956
0.3089231053
0.3041834911
0.2995440726
0.2949730645
0.2904698958
0.2860339573
0.2816646063
0.2773611705
0.2731229518
0.2689492298
0.2648392648
0.2607923009
0.2568075684
0.2528842863
0.2490216644
0.2452189053
0.2414752063
0.2377897610
0.2341617607
0.2305903960
0.2270748576
0.2236143379
0.2202080316
0.2168551370
0.2135548565
0.2103063973
0.2071089723
0.2039618008
0.2008727369
0.1978578046
0.1948893729
0.1919667375
