0.977777777777771
0.949999999999985
0.913888888888868
0.897800925925902
0.874315200617260
0.856665641878827
0.840915096999819
0.822751800927790
0.805589081255881
0.792240278727964
0.777737889700885
0.765384414664992
0.752446079051153
0.738846944875363
0.725260688020507
0.712146391219031
0.700555258381063
0.689203791471223
0.678404409530013
0.667398103622599
0.656253883148721
0.645030806005125
0.634662648206859
0.624424658552282
0.614706579109019
0.605433542293702
0.596122606254823
0.586800492002861
0.577490433065330
0.568212538718042
0.559554933071040
0.550994464452231
0.542467914327415
0.533988209752838
0.525566569991182
0.517212688807614
0.508934900347695
0.500740329273403
0.492635026079507
0.484624088644707
0.476958822347553
0.469533359433609
0.462187621961065
0.454925227209279
0.447749226102660
0.440731832275859
0.433986082126534
0.427316151241953
0.420815679454722
0.414508235255684
0.408270125013931
0.402103248843977
0.396009212244324
0.389989353247880
0.384044767256838
0.378176329748183
0.372384717024032
0.366670425168970
0.361033787364755
0.355474989701297
0.349994085611986
0.344591009051045
0.339265586521007
0.334017548049309
0.328846537204698
0.323752120236329
0.318733794411366
0.313790995620275
0.308923105313034
0.304183491094965
0.299544072563474
0.294973064472886
0.290469895775866
0.286033957323863
0.281664606343939
0.277361170537246
0.273122951829644
0.268949229802482
0.264839264829320
0.260792300942255
0.256807568449646
0.252884286325244
0.249021664387124
0.245218905283361
0.241475206299992
0.237789761005604
0.234161760745685
0.230590395998886
0.227074857606316
0.223614337884142
0.220208031628934
0.216855137024452
0.213554856457866
0.210306397252797
0.207108972325944
0.203961800773571
0.200872736872568
0.197857804606280
0.194889372913906
0.191966737549803
0.189089201112389
0.186256073358220
0.183466671476313
0.180720320326050
0.178016352641720
0.175354109206514
0.172732938998596
0.170152199311638
0.167611255852036
0.165109482814844
0.162646262940319
0.160220987552795
0.157833056583498
0.155481878578766
0.153166870695029
0.150887458681811
0.148643076853882
0.146433168053645
0.144257183604710
0.142128296536592
0.140040675568007
0.137984416676509
0.135959036826542
0.133964060156913
0.131999017925471
0.130063448449166
0.128156897040008
0.126278915937405
0.124429064237323
0.122606907818652
0.120812019267161
0.119043977797375
0.117302369172674
0.115586785623911
0.113896825766794
0.112232094518276
0.110592203012165
0.108976768514149
0.107385414336419
0.105817769752050
0.104273469909285
0.102752155745866
0.101253473903516
0.099777076642703
0.098322621757767
0.096889772492506
0.095478197456308
0.094087570540889
0.092717570837702
0.091367882556087
0.090038194942194
0.088728202198744
0.087437603405638
0.086166102441484
0.084913407906044
0.083679233043630
0.082463295667486
0.081265318085156
0.080085027024861
0.078922153562896
0.077776433052051
0.076647605051075
0.075535413255164
0.074439605427509
0.073359933331866
0.072296152666182
0.071248022997243
0.070215307696371
0.069197773876132
0.068195192328082
0.067207337461511
0.066233987243203
0.065274923138192
0.064329930051496
0.063398796270836
0.062481313410321
0.061577276355078
0.060688494731212
0.059814526559290
0.058953240803070
0.058104450600308
0.057267971920615
0.056443623520656
0.055631226900073
0.054830606258130
0.054041588451072
0.053264002950180
0.052497681800521
0.051742459580377
0.050998173361337
0.050264662669059
0.049541769444671
0.048829338006815
0.048127215014320
0.047435249429487
0.046753292481991
0.046081197633372
0.045418820542119
0.044766019029329
0.044122653044939
0.043488584634509
0.042863677906562
0.042247799000460
0.041640816054808
0.041042599176387
0.040453020409591
0.039871953706374
0.039299274896689
0.038734861659413
0.038178593493750
0.037630351691104
0.037090019307417
0.036557481135952
0.036032623680528
0.035515335129190
0.035005505328311
0.034503025757113
0.034007789502605
0.033519691234929
0.033038627183108
0.032564495111183
0.032097194294739
0.031636625497816
0.031182690950184
0.030735294324992
0.030294340716772
0.029859736619806
0.029431389906829
0.029009209808084
0.028593106890706
0.028182993038440
0.027778781431687
0.027380386527856
0.026987724042045
0.026600710928018
0.026219265359493
0.025843306711720
0.025472755543356
0.025107533578629
0.024747563689777
0.024392769879773
0.024043077265316
0.023698412060095
0.023358701558311
0.023023874118468
0.022693859147406
0.022368587084595
0.022047989386669
0.021731998512204
0.021420547906736
0.021113571988005
0.020811006131444
0.020512786655878
0.020218850809453
0.019929136755787
0.019643583560328
0.019362131176929
0.019084720434631
0.018811293024646
0.018541791487547
0.018276159200651
0.018014340365597
0.017756279996122
0.017501923906013
0.017251218697255
0.017004111748358
0.016760551202857
0.016520485957999
0.016283865653595
0.016050640661041
0.015820762072519
0.015594181690347
0.015370852016502
0.015150726242301
0.014933758238234
0.014719902543957
0.014509114358438
0.014301349530243
0.014096564547984
0.013894716530899
0.013695763219581
0.013499662966844
0.013306374728735
0.013115858055666
0.012928073083698
0.012742980525943
0.012560541664105
0.012380718340136
0.012203472948034
0.012028768425751
0.011856568247226
0.011686836414543
0.011519537450200
0.011354636389495
0.011192098773029
0.011031890639319
0.010873978517524
0.010718329420274
0.010564910836612
0.010413690725039
0.010264637506663
0.010117720058450
0.009972907706575
0.009830170219875
0.009689477803393
0.009550801092025
0.009414111144258
0.009279379436001
0.009146577854509
0.009015678692395
0.008886654641732
0.008759478788243
0.008634124605578
0.008510565949671
0.008388777053184
0.008268732520038
0.008150407320011
0.008033776783433
0.007918816595944
0.007805502793341
0.007693811756495
0.007583720206341
0.007475205198950
0.007368244120662
0.007262814683307
0.007158894919475
0.007056463177876
0.006955498118754
0.006855978709379
0.006757884219593
0.006661194217434
0.006565888564817
0.006471947413280
0.006379351199790
0.006288080642616
0.006198116737260
0.006109440752443
0.006022034226155
0.005935878961767
0.005850957024184
0.005767250736076
0.005684742674143
0.005603415665453
0.005523252783817
0.005444237346232
0.005366352909364
0.005289583266088
0.005213912442080
0.005139324692455
0.005065804498453
0.004993336564181
0.004921905813393
0.004851497386321
0.004782096636555
0.004713689127966
0.004646260631669
0.004579797123040
0.004514284778769
0.004449709973955
0.004386059279253
0.004323319458049
0.004261477463688
0.004200520436733
0.004140435702270
0.004081210767252
0.004022833317873
0.003965291216995
0.003908572501598
0.003852665380276
0.003797558230765
0.003743239597510
0.003689698189262
0.003636922876718
0.003584902690188
0.003533626817297
0.003483084600723
0.003433265535970
0.003384159269162
0.003335755594885
0.003288044454044
0.003241015931765
0.003194660255319
0.003148967792076
0.003103929047494
0.003059534663134
0.003015775414701
0.002972642210117
0.002930126087624
0.002888218213906
0.002846909882246
0.002806192510707
0.002766057640339
0.002726496933414
0.002687502171679
0.002649065254647
0.002611178197902
0.002573833131429
0.002537022297979
0.002500738051441
0.002464972855252
0.002429719280823
0.002394970005985
0.002360717813469
0.002326955589390
0.002293676321773
0.002260873099084
0.002228539108788
0.002196667635934
0.002165252061748
0.002134285862258
0.002103762606929
0.002073675957325
0.002044019665790
0.002014787574140
0.001985973612384
0.001957571797456
0.001929576231969
0.001901981102989
0.001874780680817
0.001847969317803
0.001821541447163
0.001795491581822
0.001769814313272
0.001744504310443
0.001719556318594
0.001694965158218
0.001670725723965
0.001646832983575
0.001623281976834
0.001600067814540
0.001577185677483
0.001554630815446
0.001532398546211
0.001510484254588
0.001488883391452
0.001467591472799
0.001446604078808
0.001425916852928
0.001405525500963
0.001385425790186
0.001365613548453
0.001346084663338
0.001326835081274
0.001307860806714
0.001289157901296
0.001270722483027
0.001252550725470
0.001234638856955
0.001216983159789
0.001199579969486
0.001182425674001
0.001165516712984
0.001148849577036
0.001132420806980
0.001116226993139
0.001100264774635
0.001084530838678
0.001069021919891
0.001053734799617
0.001038666305262
0.001023813309627
0.001009172730262
0.000994741528825
0.000980516710447
0.000966495323115
0.000952674457052
0.000939051244119
0.000925622857212
0.000912386509680
0.000899339454742
0.000886478984919
0.000873802431469
0.000861307163833
0.000848990589089
0.000836850151413
0.000824883331548
0.000813087646279
0.000801460647918
0.000789999923798
0.000778703095767
0.000767567819696
0.000756591784994
0.000745772714125
0.000735108362135
0.000724596516187
0.000714234995103
0.000704021648904
0.000693954358373
0.000684031034607
0.000674249618585
0.000664608080744
0.000655104420552
0.000645736666097
0.000636502873674
0.000627401127383
0.000618429538732
0.000609586246242
0.000600869415062
0.000592277236590
0.000583807928092
0.000575459732338
0.000567230917232
0.000559119775456
0.000551124624113
0.000543243804377
0.000535475681154
0.000527818642733
0.000520271100461
0.000512831488406
0.000505498263037
0.000498269902899
0.000491144908301
0.000484121801001
0.000477199123902
0.000470375440749
0.000463649335829
0.000457019413679
0.000450484298794
0.000444042635346
0.000437693086896
0.000431434336123
0.000425265084545
0.000419184052254
0.000413189977646
0.000407281617163
0.000401457745034
0.000395717153018
0.000390058650154
0.000384481062518
0.000378983232972
0.000373564020932
0.000368222302124
0.000362956968353
0.000357766927278
0.000352651102175
0.000347608431724
0.000342637869782
0.000337738385169
0.000332908961450
0.000328148596732
0.000323456303446
0.000318831108151
0.000314272051324
0.000309778187168
0.000305348583411
0.000300982321115
0.000296678494482
0.000292436210673
0.000288254589612
0.000284132763813
0.000280069878197
0.000276065089911
0.000272117568158
0.000268226494021
0.000264391060297
0.000260610471323
0.000256883942820
0.000253210701721
0.000249589986016
0.000246021044593
0.000242503137082
0.000239035533700
0.000235617515101
0.000232248372228
0.000228927406160
0.000225653927977
0.000222427258605
0.000219246728687
0.000216111678434
0.000213021457495
0.000209975424818
0.000206972948520
0.000204013405754
0.000201096182579
0.000198220673835
0.000195386283015
0.000192592422143
0.000189838511653
0.000187123980264
0.000184448264867
0.000181810810405
0.000179211069758
0.000176648503631
0.000174122580440
0.000171632776205
0.000169178574436
0.000166759466032
0.000164374949171
0.000162024529207
0.000159707718567
0.000157424036652
0.000155173009735
0.000152954170863
0.000150767059761
0.000148611222736
0.000146486212583
0.000144391588491
0.000142326915954
0.000140291766680
0.000138285718499
0.000136308355280
0.000134359266844
0.000132438048874
0.000130544302838
0.000128677635901
0.000126837660847
0.000125023995995
0.000123236265125
0.000121474097395
0.000119737127267
0.000118024994428
0.000116337343721
0.000114673825064
0.000113034093384
0.000111417808541
0.000109824635259
0.000108254243057
0.000106706306180
0.000105180503530
0.000103676518602
0.000102194039416
0.000100732758454
0.000099292372595
0.000097872583051
0.000096473095311
0.000095093619071
0.000093733868179
0.000092393560578
0.000091072418240
0.000089770167117
0.000088486537075
0.000087221261847
0.000085974078971
0.000084744729741
0.000083532959146
0.000082338515826
0.000081161152012
0.000080000623480
0.000078856689497
0.000077729112774
0.000076617659413
0.000075522098863
0.000074442203868
0.000073377750423
0.000072328517724
0.000071294288127
0.000070274847098
0.000069269983173
0.000068279487909
0.000067303155846
0.000066340784462
0.000065392174128
0.000064457128074
0.000063535452340
0.000062626955742
0.000061731449827
0.000060848748840
0.000059978669681
0.000059121031867
0.000058275657497
0.000057442371213
0.000056621000166
0.000055811373978
0.000055013324707
0.000054226686812
0.000053451297120
0.000052686994791
0.000051933621284
0.000051191020327
0.000050459037881
0.000049737522111
0.000049026323351
0.000048325294077
0.000047634288874
0.000046953164407
0.000046281779388
0.000045619994552
0.000044967672625
0.000044324678296
0.000043690878186
0.000043066140828
0.000042450336632
0.000041843337860
0.000041245018604
0.000040655254753
0.000040073923973
0.000039500905677
0.000038936081006
0.000038379332797
0.000037830545563
0.000037289605471
0.000036756400312
0.000036230819484
0.000035712753966
0.000035202096296
0.000034698740547
0.000034202582309
0.000033713518664
0.000033231448166
0.000032756270818
0.000032287888056
0.000031826202721
0.000031371119049
0.000030922542639
0.000030480380445
0.000030044540749
0.000029614933145
0.000029191468519
0.000028774059034
0.000028362618105
0.000027957060387
0.000027557301757
0.000027163259293
0.000026774851258
0.000026391997086
0.000026014617361
0.000025642633804
0.000025275969254
0.000024914547655
0.000024558294038
0.000024207134504
0.000023860996213
0.000023519807367
0.000023183497192
0.000022851995928
0.000022525234813
0.000022203146066
0.000021885662877
0.000021572719391
0.000021264250694
0.000020960192801
0.000020660482642
0.000020365058047
0.000020073857739
0.000019786821312
0.000019503889228
0.000019225002799
0.000018950104175
0.000018679136334
0.000018412043070
0.000018148768981
0.000017889259455
0.000017633460662
0.000017381319544
0.000017132783799
0.000016887801872
0.000016646322949
0.000016408296939
0.000016173674469
0.000015942406871
0.000015714446175
0.000015489745094
0.000015268257020
0.000015049936008
0.000014834736774
0.000014622614679
0.000014413525723
0.000014207426534
0.000014004274362
0.000013804027067
0.000013606643113
0.000013412081556
0.000013220302039
0.000013031264782
0.000012844930572
0.000012661260758
0.000012480217243
0.000012301762473
0.000012125859431
0.000011952471630
0.000011781563105
0.000011613098404
0.000011447042582
0.000011283361196
0.000011122020293
0.000010962986407
0.000010806226548
0.000010651708202
0.000010499399317
0.000010349268298
0.000010201284006
0.000010055415743
0.000009911633253
0.000009769906712
0.000009630206720
0.000009492504301
0.000009356770891
0.000009222978335
0.000009091098880
0.000008961105172
0.000008832970246
0.000008706667524
0.000008582170805
0.000008459454268
0.000008338492455
0.000008219260278
0.000008101733002
0.000007985886251
0.000007871695995
0.000007759138546
0.000007648190558
0.000007538829016
0.000007431031237
0.000007324774859
0.000007220037843
0.000007116798463
0.000007015035303
0.000006914727257
0.000006815853516
0.000006718393573
0.000006622327210
0.000006527634501
0.000006434295804
0.000006342291759
0.000006251603280
0.000006162211557
0.000006074098048
0.000005987244474
0.000005901632820
0.000005817245329
0.000005734064495
0.000005652073065
0.000005571254031
0.000005491590629
0.000005413066335
0.000005335664861
0.000005259370151
0.000005184166381
0.000005110037949
0.000005036969481
0.000004964945819
0.000004893952025
0.000004823973371
0.000004754995343
0.000004687003632
0.000004619984136
0.000004553922952
0.000004488806377
0.000004424620905
0.000004361353222
0.000004298990203
0.000004237518914
0.000004176926604
0.000004117200703
0.000004058328824
0.000004000298754
0.000003943098457
0.000003886716067
0.000003831139889
0.000003776358396
0.000003722360224
0.000003669134172
0.000003616669199
0.000003564954424
0.000003513979119
0.000003463732710
0.000003414204775
0.000003365385040
0.000003317263379
0.000003269829810
0.000003223074494
0.000003176987733
0.000003131559966
0.000003086781772
0.000003042643861
0.000002999137078
0.000002956252400
0.000002913980929
0.000002872313899
0.000002831242666
0.000002790758711
0.000002750853636
0.000002711519164
0.000002672747136
0.000002634529509
0.000002596858357
0.000002559725864
0.000002523124330
0.000002487046161
0.000002451483873
0.000002416430092
0.000002381877544
0.000002347819064
0.000002314247586
0.000002281156147
0.000002248537883
0.000002216386027
0.000002184693911
0.000002153454961
0.000002122662696
0.000002092310731
0.000002062392768
0.000002032902603
0.000002003834117
0.000001975181282
0.000001946938154
0.000001919098875
0.000001891657670
0.000001864608847
0.000001837946795
0.000001811665984
0.000001785760962
0.000001760226356
0.000001735056870
0.000001710247283
0.000001685792448
0.000001661687292
0.000001637926817
0.000001614506093
0.000001591420261
0.000001568664535
0.000001546234192
0.000001524124581
0.000001502331116
0.000001480849275
0.000001459674603
0.000001438802709
0.000001418229261
0.000001397949993
0.000001377960699
0.000001358257232
0.000001338835504
0.000001319691488
0.000001300821213
0.000001282220763
0.000001263886282
0.000001245813965
0.000001228000065
0.000001210440885
0.000001193132785
0.000001176072173
0.000001159255511
0.000001142679310
0.000001126340132
0.000001110234589
0.000001094359339
0.000001078711089
0.000001063286593
0.000001048082652
0.000001033096113
0.000001018323866
0.000001003762848
0.000000989410038
0.000000975262458
0.000000961317175
0.000000947571296
0.000000934021969
0.000000920666384
0.000000907501770
0.000000894525398
0.000000881734574
0.000000869126647
0.000000856699000
0.000000844449057
0.000000832374275
0.000000820472151
0.000000808740215
0.000000797176034
0.000000785777210
0.000000774541377
0.000000763466206
0.000000752549399
0.000000741788691
0.000000731181850
0.000000720726677
0.000000710421002
0.000000700262688
0.000000690249628
0.000000680379745
0.000000670650992
0.000000661061349
0.000000651608829
0.000000642291471
0.000000633107342
0.000000624054536
0.000000615131177
0.000000606335413
0.000000597665420
0.000000589119398
0.000000580695577
0.000000572392208
0.000000564207568
0.000000556139961
0.000000548187712
0.000000540349173
0.000000532622717
0.000000525006742
0.000000517499668
0.000000510099937
0.000000502806015
0.000000495616389
0.000000488529567
0.000000481544080
0.000000474658479
0.000000467871334
0.000000461181239
0.000000454586806
0.000000448086667
0.000000441679473
0.000000435363895
