0.977777777777771
0.949999999999985
0.913888888888868
0.897800925925902
0.874315200617260
0.856665641878827
0.840915096999819
0.822751800927790
0.805589081255881
0.792240278727964
0.777737889700885
0.765384414664992
0.752446079051153
0.738846944875363
0.725260688020507
0.712146391219031
0.700555258381063
0.689203791471223
0.678404409530013
0.667398103622599
0.656253883148721
0.645030806005125
0.634662648206859
0.624424658552282
0.614706579109019
0.605433542293702
0.596122606254823
0.586800492002861
0.577490433065330
0.568212538718042
0.559554933071040
0.550994464452231
0.542467914327415
0.533988209752838
0.525566569991182
0.517212688807614
0.508934900347695
0.500740329273403
0.492635026079507
0.484624088644707
0.476958822347553
0.469533359433609
0.462187621961065
0.454925227209279
0.447749226102660
0.440731832275859
0.433986082126534
0.427316151241953
0.420815679454722
0.414508235255684
0.408270125013931
0.402103248843977
0.396009212244324
0.389989353247880
0.384044767256838
0.378176329748183
0.372384717024032
0.366670425168970
0.361033787364755
0.355474989701297
0.349994085611986
0.344591009051045
0.339265586521007
0.334017548049309
0.328846537204698
0.323752120236329
0.318733794411366
0.313790995620275
0.308923105313034
0.304183491094965
0.299544072563474
0.294973064472886
0.290469895775866
0.286033957323863
0.281664606343939
0.277361170537246
0.273122951829644
0.268949229802482
0.264839264829320
0.260792300942255
0.256807568449646
0.252884286325244
0.249021664387124
0.245218905283361
0.241475206299992
0.237789761005604
0.234161760745685
0.230590395998886
0.227074857606316
0.223614337884142
0.220208031628934
0.216855137024452
0.213554856457866
0.210306397252797
0.207108972325944
0.203961800773571
0.200872736872568
0.197857804606280
0.194889372913906
0.191966737549803
