   0.00556
   0.00833
   0.00833
   0.00833
   0.00833
   0.00833
   0.00833
   0.00833
   0.00833
   0.00556
   0.00833
   0.01111
   0.01111
   0.01111
   0.01111
   0.01111
   0.01111
   0.01111
   0.01111
   0.00833
   0.00833
   0.01111
   0.01111
   0.01111
   0.01111
   0.01111
   0.01111
   0.01111
   0.01111
   0.00833
   0.00833
   0.01111
   0.01111
   0.01111
   0.01111
   0.01111
   0.01111
   0.01111
   0.01111
   0.00833
   0.00833
   0.01111
   0.01111
   0.01111
   0.01111
   0.01111
   0.01111
   0.01111
   0.01111
   0.00833
   0.00833
   0.01111
   0.01111
   0.01111
   0.01111
   0.01111
   0.01111
   0.01111
   0.01111
   0.00833
   0.00833
   0.01111
   0.01111
   0.01111
   0.01111
   0.01111
   0.01111
   0.01111
   0.01111
   0.00833
   0.00833
   0.01111
   0.01111
   0.01111
   0.01111
   0.01111
   0.01111
   0.01111
   0.01111
   0.00833
   0.00833
   0.01111
   0.01111
   0.01111
   0.01111
   0.01111
   0.01111
   0.01111
   0.01111
   0.00833
   0.00556
   0.00833
   0.00833
   0.00833
   0.00833
   0.00833
   0.00833
   0.00833
   0.00833
   0.00556
