1
1
1
5
1
1
1
1
1
1
1
6
1
1
1
1
1
1
1
1
1
2
1
1
5
1
1
1
1
1
1
1
38
4
9
1
2
1
1
72
1
1
2
1
1
1
5
8
1
1
1
1
1
2
50
5
1
1
1
1
1
1
1
4
9
1
43
1
1
1
1
1
1
1
1
1
2
1
1
1
20
22
1
1
2
1
1
1
1
1
1
6
1
1
1
21
7
1
1
1
2
1
1
1
14
1
1
1
57
1
1
1
1
1
70
1
1
1
2
1
1
1
1
1
1
1
1
1
8
2
1
1
1
1
5
1
2
4
1
1
1
2
1
1
2
2
1
15
1
1
2
1
2
1
1
1
1
1
3
2
1
1
1
8
1
1
1
1
1
2
1
1
1
1
1
1
1
1
2
3
40
1
1
1
1
1
2
1
1
1
4
40
31
1
1
1
6
34
1
1
1
11
4
3
1
1
1
1
1
1
2
1
1
16
1
27
1
1
2
2
2
1
1
1
2
1
22
1
1
1
1
1
2
1
1
1
1
22
37
1
1
1
1
1
2
1
1
1
2
1
1
1
1
1
7
1
1
1
3
1
1
1
1
1
77
1
1
1
2
1
1
1
1
1
1
1
1
1
1
1
1
1
4
1
1
1
29
1
3
13
1
1
2
1
1
1
1
1
1
1
1
1
1
1
1
1
1
1
1
2
1
1
1
34
1
1
1
1
2
2
6
1
1
6
1
1
1
1
1
1
1
1
54
1
3
1
20
1
1
1
1
1
3
1
1
1
1
1
1
1
1
1
1
20
1
1
1
1
48
1
1
1
1
1
1
1
1
5
1
39
1
1
1
2
1
1
2
1
1
1
1
42
1
3
1
1
1
1
1
5
1
1
1
1
1
2
1
1
1
1
1
1
1
1
1
1
1
1
4
1
1
1
1
80
1
1
1
1
3
1
17
1
6
1
25
1
1
1
1
2
1
1
1
1
4
1
20
1
1
2
1
1
1
1
1
11
1
1
5
1
49
8
1
8
4
1
1
1
1
6
1
1
1
2
1
10
1
1
1
1
1
1
1
3
6
1
1
1
1
1
1
1
1
1
5
1
5
1
1
1
1
1
8
2
1
1
1
9
1
15
1
1
5
1
1
1
1
1
1
1
2
1
1
1
1
1
1
1
1
1
2
1
1
2
1
1
1
1
1
1
1
1
1
2
1
1
1
36
1
1
1
1
11
1
1
1
1
2
1
3
18
1
1
20
1
1
1
1
1
1
1
1
4
2
1
1
1
2
1
60
1
2
1
1
1
1
1
1
1
4
1
1
1
7
1
2
1
2
1
1
1
1
1
1
8
7
1
1
1
12
1
1
1
1
1
1
1
10
1
1
1
1
41
1
1
23
1
1
1
1
10
1
1
1
2
6
1
1
3
1
2
2
1
1
1
1
1
1
135
1
1
1
1
9
11
1
1
2
1
1
1
1
57
1
6
1
4
4
20
19
2
1
2
1
1
8
1
1
1
1
1
1
1
1
1
1
1
1
3
1
1
1
1
1
1
1
2
1
1
1
1
1
1
1
2
1
1
1
1
1
1
2
1
1
1
1
38
1
1
1
1
18
1
2
1
1
1
4
1
2
1
20
2
1
1
4
13
1
1
1
1
1
3
1
1
39
1
3
1
1
2
1
2
11
1
13
1
1
2
1
1
7
1
1
1
1
1
1
1
2
56
1
1
1
1
1
8
1
1
1
1
3
4
1
1
36
1
1
3
1
1
1
9
2
47
1
1
1
1
1
1
19
1
1
1
1
1
1
19
1
2
9
1
2
1
1
1
1
1
1
1
53
1
1
1
1
1
1
1
1
3
1
1
1
1
1
1
1
22
1
1
1
1
1
1
2
4
1
2
18
1
2
4
1
1
1
1
1
1
1
1
7
1
4
1
11
3
1
1
1
1
1
2
1
1
1
1
1
11
1
1
1
7
1
3
1
1
1
1
24
1
1
5
15
1
1
6
1
1
1
1
1
2
1
1
1
1
1
1
1
1
1
1
14
1
7
1
6
30
1
1
1
1
1
5
58
1
1
1
1
1
1
1
1
1
1
2
6
3
1
2
1
1
42
1
1
2
1
1
1
1
3
1
3
1
1
1
1
1
1
1
1
1
1
1
1
1
4
1
1
2
1
1
1
1
2
1
23
1
1
1
3
1
3
1
1
4
2
1
18
1
1
1
2
2
1
1
1
1
1
1
2
1
1
1
2
1
1
4
1
